0	(-17, -12) 
1	(-12, -14) 
2	(-9, -11) 
3	(-3, -9) 
4	(-15, -10) 
5	(-11, -4) 
6	(-4, -6) 
7	(-9.75, -2.75) 
8	(-15, -4) 
9	(-13, 1) 


0 0 1	(-17, -12) 	(-12, -14) 
1 2 3	(-9, -11) 	(-3, -9) 
2 4 5	(-15, -10) 	(-11, -4) 
3 6 7	(-4, -6) 	(-9.75, -2.75) 
4 8 9	(-15, -4) 	(-13, 1) 


0 1 0 0 0 0 0 0 0 0 
1 0 0 0 0 0 0 0 0 0 
0 0 0 1 0 0 0 0 0 0 
0 0 1 0 0 0 0 0 0 0 
0 0 0 0 0 1 0 0 0 0 
0 0 0 0 1 0 0 0 0 0 
0 0 0 0 0 0 0 1 0 0 
0 0 0 0 0 0 1 0 0 0 
0 0 0 0 0 0 0 0 0 1 
0 0 0 0 0 0 0 0 1 0 

3 2 7 5 1.76777
2 0 4 0 2.82843
3 1 6 3 3.16228
4 2 8 5 4
1 0 2 1 4.24264
4 3 9 7 4.96236
2 1 4 2 6.08276
4 0 8 0 8.24621
4 1 8 2 9.21954
3 0 6 1 11.3137
0 1 0 0 0 0 0 0 0 0 
1 0 0 0 0 0 0 0 0 0 
0 0 0 1 0 0 0 0 0 0 
0 0 1 0 0 0 0 0 0 0 
0 0 0 0 0 1 0 0 0 0 
0 0 0 0 1 0 0 0 0 0 
0 0 0 0 0 0 0 1 0 0 
0 0 0 0 0 0 1 0 0 0 
0 0 0 0 0 0 0 0 0 1 
0 0 0 0 0 0 0 0 1 0 

0 1 
0	(-17, -12) 
1	(-12, -14) 


0 0 1	(-17, -12) 	(-12, -14) 


0 1 
1 0 

^
1 1 
0 1 
-------
-------
2 3 
0	(-9, -11) 
1	(-3, -9) 


0 0 1	(-9, -11) 	(-3, -9) 


0 1 
1 0 

^
1 1 
0 1 
-------
-------
4 5 
0	(-15, -10) 
1	(-11, -4) 


0 0 1	(-15, -10) 	(-11, -4) 


0 1 
1 0 

^
1 1 
0 1 
-------
-------
6 7 
0	(-4, -6) 
1	(-9.75, -2.75) 


0 0 1	(-4, -6) 	(-9.75, -2.75) 


0 1 
1 0 

^
1 1 
0 1 
-------
-------
8 9 
0	(-15, -4) 
1	(-13, 1) 


0 0 1	(-15, -4) 	(-13, 1) 


0 1 
1 0 

^
1 1 
0 1 
-------
-------
*************************************/n
*************************************/n
0 1 0 0 0 0 0 0 0 0 
1 0 0 0 0 0 0 0 0 0 
0 0 0 1 0 0 0 0 0 0 
0 0 1 0 0 0 0 0 0 0 
0 0 0 0 0 1 0 0 0 0 
0 0 0 0 1 0 0 2 0 0 
0 0 0 0 0 0 0 1 0 0 
0 0 0 0 0 2 1 0 0 0 
0 0 0 0 0 0 0 0 0 1 
0 0 0 0 0 0 0 0 1 0 

0 1 
0	(-17, -12) 
1	(-12, -14) 


0 0 1	(-17, -12) 	(-12, -14) 


0 1 
1 0 

^
1 1 
0 1 
-------
-------
2 3 
0	(-9, -11) 
1	(-3, -9) 


0 0 1	(-9, -11) 	(-3, -9) 


0 1 
1 0 

^
1 1 
0 1 
-------
-------
4 5 7 6 
0	(-15, -10) 
1	(-11, -4) 
2	(-9.75, -2.75) 
3	(-4, -6) 


0 0 1	(-15, -10) 	(-11, -4) 
1 2 3	(-9.75, -2.75) 	(-4, -6) 


0 1 0 0 
1 0 2 0 
0 2 0 1 
0 0 1 0 

^
1 2 2 1 
0 3 
-------
-------
8 9 
0	(-15, -4) 
1	(-13, 1) 


0 0 1	(-15, -4) 	(-13, 1) 


0 1 
1 0 

^
1 1 
0 1 
-------
-------
*************************************/n
*************************************/n
0 1 0 0 2 0 0 0 0 0 
1 0 0 0 0 0 0 0 0 0 
0 0 0 1 0 0 0 0 0 0 
0 0 1 0 0 0 0 0 0 0 
2 0 0 0 0 1 0 0 0 0 
0 0 0 0 1 0 0 2 0 0 
0 0 0 0 0 0 0 1 0 0 
0 0 0 0 0 2 1 0 0 0 
0 0 0 0 0 0 0 0 0 1 
0 0 0 0 0 0 0 0 1 0 

0 1 4 5 7 6 
0	(-17, -12) 
1	(-12, -14) 
2	(-15, -10) 
3	(-11, -4) 
4	(-9.75, -2.75) 
5	(-4, -6) 


0 0 1	(-17, -12) 	(-12, -14) 
1 2 3	(-15, -10) 	(-11, -4) 
2 4 5	(-9.75, -2.75) 	(-4, -6) 


0 1 2 0 0 0 
1 0 0 0 0 0 
2 0 0 1 0 0 
0 0 1 0 2 0 
0 0 0 2 0 1 
0 0 0 0 1 0 

^
2 1 2 2 2 1 
1 5 
-------
-------
2 3 
0	(-9, -11) 
1	(-3, -9) 


0 0 1	(-9, -11) 	(-3, -9) 


0 1 
1 0 

^
1 1 
0 1 
-------
-------
8 9 
0	(-15, -4) 
1	(-13, 1) 


0 0 1	(-15, -4) 	(-13, 1) 


0 1 
1 0 

^
1 1 
0 1 
-------
-------
*************************************/n
*************************************/n
0 1 0 0 2 0 0 0 0 0 
1 0 0 0 0 0 0 0 0 0 
0 0 0 1 0 0 0 0 0 0 
0 0 1 0 0 0 2 0 0 0 
2 0 0 0 0 1 0 0 0 0 
0 0 0 0 1 0 0 2 0 0 
0 0 0 2 0 0 0 1 0 0 
0 0 0 0 0 2 1 0 0 0 
0 0 0 0 0 0 0 0 0 1 
0 0 0 0 0 0 0 0 1 0 

0 1 4 5 7 6 3 2 
0	(-17, -12) 
1	(-12, -14) 
2	(-15, -10) 
3	(-11, -4) 
4	(-9.75, -2.75) 
5	(-4, -6) 
6	(-3, -9) 
7	(-9, -11) 


0 0 1	(-17, -12) 	(-12, -14) 
1 2 3	(-15, -10) 	(-11, -4) 
2 4 5	(-9.75, -2.75) 	(-4, -6) 
3 6 7	(-3, -9) 	(-9, -11) 


0 1 2 0 0 0 0 0 
1 0 0 0 0 0 0 0 
2 0 0 1 0 0 0 0 
0 0 1 0 2 0 0 0 
0 0 0 2 0 1 0 0 
0 0 0 0 1 0 2 0 
0 0 0 0 0 2 0 1 
0 0 0 0 0 0 1 0 

^
2 1 2 2 2 2 2 1 
1 7 
-------
-------
8 9 
0	(-15, -4) 
1	(-13, 1) 


0 0 1	(-15, -4) 	(-13, 1) 


0 1 
1 0 

^
1 1 
0 1 
-------
-------
*************************************/n
*************************************/n
0 1 0 0 2 0 0 0 0 0 
1 0 0 0 0 0 0 0 0 0 
0 0 0 1 0 0 0 0 0 0 
0 0 1 0 0 0 2 0 0 0 
2 0 0 0 0 1 0 0 0 0 
0 0 0 0 1 0 0 2 2 0 
0 0 0 2 0 0 0 1 0 0 
0 0 0 0 0 2 1 0 0 0 
0 0 0 0 0 2 0 0 0 1 
0 0 0 0 0 0 0 0 1 0 

0 1 4 5 7 6 3 2 8 9 
0	(-17, -12) 
1	(-12, -14) 
2	(-15, -10) 
3	(-11, -4) 
4	(-9.75, -2.75) 
5	(-4, -6) 
6	(-3, -9) 
7	(-9, -11) 
8	(-15, -4) 
9	(-13, 1) 


0 0 1	(-17, -12) 	(-12, -14) 
1 2 3	(-15, -10) 	(-11, -4) 
2 4 5	(-9.75, -2.75) 	(-4, -6) 
3 6 7	(-3, -9) 	(-9, -11) 
4 8 9	(-15, -4) 	(-13, 1) 


0 1 2 0 0 0 0 0 0 0 
1 0 0 0 0 0 0 0 0 0 
2 0 0 1 0 0 0 0 0 0 
0 0 1 0 2 0 0 0 2 0 
0 0 0 2 0 1 0 0 0 0 
0 0 0 0 1 0 2 0 0 0 
0 0 0 0 0 2 0 1 0 0 
0 0 0 0 0 0 1 0 0 0 
0 0 0 2 0 0 0 0 0 1 
0 0 0 0 0 0 0 0 1 0 

^
2 1 2 3 2 2 2 1 2 1 
1 3 7 9 
-------
-------
*************************************/n
*************************************/n
